00000110010010000000011110010011
00000000010100010000000010010011
00000000010000100000000110010011
00000000001101111010000000100011
00000000000100011000001010010011
00000000000100101000001101100011
00000000001100010000000010110011
01000000001100010000000010110011
01000000001100101000001100110011
00000000001001001000010000010011
01000000100000011101010010110011
00000000011000101001010100110011
00000110010001100010010110000011
00000000101101010001000101100011
00000000101001001100000101100011
00000000100000101101000101100011
00000000001000000000011001101111
00000000000000000000011010110111
00000000101101010111011100110011
00000000101101111110100000110011
00000000111110000100100010110011
00000001100100001000100101100111
